1.63961e+09
4.73987e-09
1.63961e+09
1.63961e+09
1.71962e-11
1.63961e+09
4.73987e-09
1.63961e+09
1.63961e+09
1.71962e-11
1.63961e+09
4.73987e-09
1.63961e+09
1.63961e+09
1.71962e-11
1.63961e+09
4.73987e-09
1.63961e+09
1.63961e+09
1.71962e-11
1.63961e+09
4.73987e-09
1.63961e+09
1.63961e+09
1.71962e-11
1.63961e+09
4.73987e-09
1.63961e+09
1.63961e+09
1.71962e-11
1.63961e+09
4.73987e-09
1.63961e+09
1.63961e+09
1.71962e-11
0.0671728
4.73987e-09
0.0236742
0.0826719
1.71962e-11
2e-11
1.63961e+09
4.73987e-09
1.63961e+09
1.63961e+09
1.71962e-11
